2 0.0578125 0.7993630573248408 0.1140625 0.3535031847133758
0 0.1234375 0.8821656050955414 0.025 0.09554140127388536
0 0.825 0.8407643312101911 0.0625 0.06687898089171974
0 0.890625 0.8343949044585988 0.0359375 0.07006369426751592
3 0.240625 0.802547770700637 0.2421875 0.28662420382165604
3 0.3921875 0.7961783439490446 0.1109375 0.2515923566878981
3 0.465625 0.8089171974522293 0.071875 0.21656050955414013
3 0.54375 0.8248407643312102 0.1140625 0.23248407643312102
3 0.6109375 0.8184713375796179 0.0578125 0.16878980891719744
3 0.65625 0.8089171974522293 0.05625 0.1464968152866242
3 0.70625 0.8121019108280255 0.05625 0.1305732484076433