3 0.4671875 0.5915492957746479 0.3390625 0.6384976525821596
3 0.3109375 0.29577464788732394 0.1859375 0.3826291079812207
0 0.90625 0.892018779342723 0.1875 0.215962441314554
0 0.9484375 0.6737089201877934 0.1015625 0.28169014084507044
0 0.8703125 0.5586854460093896 0.14375 0.1807511737089202
0 0.7421875 0.7300469483568075 0.203125 0.2863849765258216
0 0.9171875 0.4107981220657277 0.1515625 0.15492957746478872
0 0.734375 0.4413145539906103 0.1453125 0.1619718309859155
0 0.6515625 0.5211267605633803 0.1296875 0.19718309859154928
0 0.7828125 0.3028169014084507 0.1265625 0.15023474178403756
2 0.6578125 0.2746478873239437 0.1484375 0.20187793427230047
0 0.25703125 0.9166666666666666 0.1515625 0.16666666666666666
0 0.5078125 0.19483568075117372 0.0640625 0.07511737089201878
2 0.44375 0.09624413145539906 0.1171875 0.18544600938967137
2 0.353125 0.10093896713615023 0.103125 0.1596244131455399